{
  "camera_angle_x": 1.1256856843414664,
  "frames": [
    {
      "file_path": "photos/real/IMG20260614162516.jpg",
      "transform_matrix": [
        [
          0.9909830740400644,
          -0.08465500074721714,
          -0.10385604370759112,
          -0.10834356683858433
        ],
        [
          -0.09099014004054572,
          -0.9941700057731444,
          -0.057851482577612925,
          2.1520544165431934
        ],
        [
          -0.09835314627151635,
          0.06677971600354883,
          -0.9929084188126209,
          0.16955017692643018
        ],
        [
          0.0,
          -0.0,
          -0.0,
          1.0
        ]
      ]
    },
    {
      "file_path": "photos/real/IMG20260614162524.jpg",
      "transform_matrix": [
        [
          0.9910192795043178,
          -0.08419328006145158,
          -0.10388589530459304,
          -0.1018706574048252
        ],
        [
          -0.09113373939951852,
          -0.9937819383618366,
          -0.06396952812747204,
          2.147824063960422
        ],
        [
          -0.09785412200721814,
          0.07286254578509298,
          -0.9925299089840627,
          0.20510635518684345
        ],
        [
          0.0,
          -0.0,
          -0.0,
          1.0
        ]
      ]
    },
    {
      "file_path": "photos/real/IMG20260614162529.jpg",
      "transform_matrix": [
        [
          0.9909878306459782,
          -0.08347563444752258,
          -0.10476133812223705,
          -0.09575873423205464
        ],
        [
          -0.09124545287225712,
          -0.9932438048840376,
          -0.07170084650557866,
          2.1695474425354093
        ],
        [
          -0.0980682764287963,
          0.08061366207451083,
          -0.9919092955735528,
          0.2659448159976553
        ],
        [
          0.0,
          -0.0,
          -0.0,
          1.0
        ]
      ]
    },
    {
      "file_path": "photos/real/IMG20260614162532.jpg",
      "transform_matrix": [
        [
          0.9911573699863089,
          -0.08219762267143706,
          -0.10416630332783867,
          -0.08758047266405806
        ],
        [
          -0.09152566981775813,
          -0.9918908885552818,
          -0.08817889183599513,
          2.186941831903989
        ],
        [
          -0.09607351188664832,
          0.09693304920499234,
          -0.9906431568862668,
          0.38009988541572487
        ],
        [
          0.0,
          -0.0,
          -0.0,
          1.0
        ]
      ]
    },
    {
      "file_path": "photos/real/IMG20260614162536.jpg",
      "transform_matrix": [
        [
          0.9917624996321882,
          -0.07936150759380878,
          -0.10054300291791429,
          -0.07187510304739889
        ],
        [
          -0.08953553613247273,
          -0.9908406703929156,
          -0.1010848834632971,
          2.2330480505836876
        ],
        [
          -0.09159984766791135,
          0.1092543683692122,
          -0.989784295136804,
          0.5492400100278201
        ],
        [
          0.0,
          -0.0,
          -0.0,
          1.0
        ]
      ]
    },
    {
      "file_path": "photos/real/IMG20260614162542.jpg",
      "transform_matrix": [
        [
          0.9910397168421212,
          -0.07876426915390768,
          -0.107872468897949,
          -0.06885122743608903
        ],
        [
          -0.09187603848191532,
          -0.9882028835254327,
          -0.12253103502741491,
          2.2195000382969443
        ],
        [
          -0.09694881739535456,
          0.1313440173615485,
          -0.9865848548953969,
          0.6115304870688627
        ],
        [
          0.0,
          -0.0,
          -0.0,
          1.0
        ]
      ]
    },
    {
      "file_path": "photos/real/IMG20260614162547.jpg",
      "transform_matrix": [
        [
          0.9912609297613105,
          -0.07829748035898454,
          -0.10616625498799807,
          -0.07183636234397157
        ],
        [
          -0.09139356339202934,
          -0.9879764312241762,
          -0.12469878875132531,
          2.2289676208616767
        ],
        [
          -0.0951261567564322,
          0.13331194963308793,
          -0.9864983215321634,
          0.6777937831995918
        ],
        [
          0.0,
          -0.0,
          -0.0,
          1.0
        ]
      ]
    },
    {
      "file_path": "photos/real/IMG20260614162550.jpg",
      "transform_matrix": [
        [
          0.9910946805829826,
          -0.07898968831173817,
          -0.10720057490764776,
          -0.07787348065898211
        ],
        [
          -0.09190130406015348,
          -0.9883400357499756,
          -0.12140067563971807,
          2.222583512579217
        ],
        [
          -0.09636121850702678,
          0.13017143647571566,
          -0.9867978074021495,
          0.637416952414
        ],
        [
          0.0,
          -0.0,
          -0.0,
          1.0
        ]
      ]
    },
    {
      "file_path": "photos/real/IMG20260614162555.jpg",
      "transform_matrix": [
        [
          0.9909414946452595,
          -0.08003790308160141,
          -0.10783732313313117,
          -0.07543598959328511
        ],
        [
          -0.09214217844662412,
          -0.9893833115664316,
          -0.11238541606877626,
          2.1893591978459996
        ],
        [
          -0.09769735483281851,
          0.12130373804686174,
          -0.9877958442889546,
          0.5115314771819228
        ],
        [
          0.0,
          -0.0,
          -0.0,
          1.0
        ]
      ]
    },
    {
      "file_path": "photos/real/IMG20260614162558.jpg",
      "transform_matrix": [
        [
          0.9911918893823455,
          -0.07887303253241583,
          -0.10638460020978877,
          -0.0738396662107199
        ],
        [
          -0.09151650759196021,
          -0.9885786040142828,
          -0.11973751510425835,
          2.202170214436515
        ],
        [
          -0.09572547863984177,
          0.12841880089890376,
          -0.9870892787964324,
          0.6100961769496325
        ],
        [
          0.0,
          -0.0,
          -0.0,
          1.0
        ]
      ]
    },
    {
      "file_path": "photos/real/IMG20260614162602.jpg",
      "transform_matrix": [
        [
          0.991222231363486,
          -0.07987187967248922,
          -0.10535165346768552,
          -0.07983086256903722
        ],
        [
          -0.09194098841956098,
          -0.9890808101899536,
          -0.11517814706974144,
          2.2118035146348816
        ],
        [
          -0.09500180366301497,
          0.12385327509423494,
          -0.9877423872393073,
          0.5530095882380988
        ],
        [
          0.0,
          -0.0,
          -0.0,
          1.0
        ]
      ]
    },
    {
      "file_path": "photos/real/IMG20260614162605.jpg",
      "transform_matrix": [
        [
          0.9912629223525177,
          -0.07854526811699532,
          -0.10596442622680424,
          -0.07738378835005695
        ],
        [
          -0.09202939410826326,
          -0.9873607835905042,
          -0.1290320644166075,
          2.2304884838634864
        ],
        [
          -0.09449026081672376,
          0.13765654319346723,
          -0.9859626091930731,
          0.6745202138799957
        ],
        [
          0.0,
          -0.0,
          -0.0,
          1.0
        ]
      ]
    },
    {
      "file_path": "photos/real/IMG20260614162608.jpg",
      "transform_matrix": [
        [
          0.9912514254936102,
          -0.0778022103518461,
          -0.10661813880035936,
          -0.07363126196997818
        ],
        [
          -0.09197178526978121,
          -0.9865442667224243,
          -0.13517248429840775,
          2.2378335312739965
        ],
        [
          -0.09466679550494386,
          0.1437957783159197,
          -0.985069018885146,
          0.7231120730171688
        ],
        [
          0.0,
          -0.0,
          -0.0,
          1.0
        ]
      ]
    },
    {
      "file_path": "photos/real/IMG20260614162615.jpg",
      "transform_matrix": [
        [
          0.9912480965614545,
          -0.07608549835908016,
          -0.1078805265223697,
          -0.0596753487089432
        ],
        [
          -0.09195919412614695,
          -0.9842830575731926,
          -0.1507659417442713,
          2.2626745817957645
        ],
        [
          -0.094713872684855,
          0.1593670590612056,
          -0.982665468410903,
          0.8243347087095616
        ],
        [
          0.0,
          -0.0,
          -0.0,
          1.0
        ]
      ]
    },
    {
      "file_path": "photos/real/IMG20260614162611.jpg",
      "transform_matrix": [
        [
          0.9913900064531995,
          -0.07703006218514719,
          -0.10588779261311203,
          -0.06915602952592753
        ],
        [
          -0.09141804224060757,
          -0.9861289399486846,
          -0.1385368375147133,
          2.224974115800897
        ],
        [
          -0.09374751547438233,
          0.14702409093558766,
          -0.9846803136180516,
          0.7100007277280671
        ],
        [
          0.0,
          -0.0,
          -0.0,
          1.0
        ]
      ]
    },
    {
      "file_path": "photos/real/IMG20260614162620.jpg",
      "transform_matrix": [
        [
          0.9912515154440266,
          -0.07717614125294593,
          -0.10707136102257245,
          -0.06710489876396468
        ],
        [
          -0.0920483243911787,
          -0.9856137971661314,
          -0.1417481880396932,
          2.2500584195860114
        ],
        [
          -0.09459143252270286,
          0.15036384557820148,
          -0.9840951045687798,
          0.7605864350583953
        ],
        [
          0.0,
          -0.0,
          -0.0,
          1.0
        ]
      ]
    },
    {
      "file_path": "photos/real/IMG20260614162617.jpg",
      "transform_matrix": [
        [
          0.9911494953329808,
          -0.07588850583211088,
          -0.10892021200744662,
          -0.056447894978275404
        ],
        [
          -0.09214259334794522,
          -0.9839307265296365,
          -0.15293811781886446,
          2.246587605394623
        ],
        [
          -0.09556369808820003,
          0.16162072909571762,
          -0.9822150067751337,
          0.8123983984006582
        ],
        [
          0.0,
          -0.0,
          -0.0,
          1.0
        ]
      ]
    },
    {
      "file_path": "photos/real/IMG20260614162630.jpg",
      "transform_matrix": [
        [
          0.9908651281950759,
          -0.07306027356608595,
          -0.11335119828834833,
          -0.08599169026138256
        ],
        [
          -0.09259627938589514,
          -0.9796653229035045,
          -0.177993775577298,
          2.298574995757322
        ],
        [
          -0.09804196433591603,
          0.18686372448075889,
          -0.9774813152701867,
          1.1138403064786258
        ],
        [
          0.0,
          -0.0,
          -0.0,
          1.0
        ]
      ]
    },
    {
      "file_path": "photos/real/IMG20260614162624.jpg",
      "transform_matrix": [
        [
          0.9906301408220335,
          -0.07469834253908718,
          -0.11433320478684787,
          -0.039437847873816045
        ],
        [
          -0.09166029508852465,
          -0.9842550330873185,
          -0.15113047391762519,
          2.2611812186804348
        ],
        [
          -0.10124383635166477,
          0.16019421794869687,
          -0.981879574151842,
          0.7995853028283348
        ],
        [
          0.0,
          -0.0,
          -0.0,
          1.0
        ]
      ]
    },
    {
      "file_path": "photos/real/IMG20260614162636.jpg",
      "transform_matrix": [
        [
          0.9909495438159616,
          -0.07248321726336501,
          -0.11298311743835689,
          -0.08806539670699115
        ],
        [
          -0.0922616444612101,
          -0.9791365884779148,
          -0.181050628458295,
          2.2934322618170344
        ],
        [
          -0.097502772125981,
          0.18983604588955744,
          -0.9769623765062638,
          1.1017927635784157
        ],
        [
          0.0,
          -0.0,
          -0.0,
          1.0
        ]
      ]
    },
    {
      "file_path": "photos/real/IMG20260614162633.jpg",
      "transform_matrix": [
        [
          0.9908113490775246,
          -0.07302820686172477,
          -0.11384090451914396,
          -0.08420278228499248
        ],
        [
          -0.09235873040041258,
          -0.9802203850699925,
          -0.1750367436056198,
          2.280085476541764
        ],
        [
          -0.09880655574403767,
          0.18394259347904365,
          -0.9779582745936576,
          1.0602609012387259
        ],
        [
          0.0,
          -0.0,
          -0.0,
          1.0
        ]
      ]
    },
    {
      "file_path": "photos/real/IMG20260614162643.jpg",
      "transform_matrix": [
        [
          0.9979176360219992,
          -0.06365372543157538,
          -0.010420890314474773,
          0.747507082795968
        ],
        [
          -0.062143396587011096,
          -0.9055279874294587,
          -0.4197109269992664,
          -4.004223353953083
        ],
        [
          0.01727975627415379,
          0.41948452560331195,
          -0.9075980072710992,
          0.22641976089561466
        ],
        [
          0.0,
          -0.0,
          -0.0,
          1.0
        ]
      ]
    },
    {
      "file_path": "photos/real/IMG20260614162650.jpg",
      "transform_matrix": [
        [
          0.996902140153793,
          -0.06584862282500523,
          -0.043012577565609084,
          0.18112837043677577
        ],
        [
          -0.07832629381760062,
          -0.8808775996286303,
          -0.4668186437678998,
          -5.191585375286132
        ],
        [
          -0.007149451278681107,
          0.4687415208241666,
          -0.8833064428621933,
          -1.2676925458727042
        ],
        [
          0.0,
          -0.0,
          -0.0,
          1.0
        ]
      ]
    },
    {
      "file_path": "photos/real/IMG20260614162656.jpg",
      "transform_matrix": [
        [
          0.996456604078261,
          -0.08409198774469825,
          0.0016654686924189761,
          -0.24100475937450327
        ],
        [
          -0.07425338659694022,
          -0.8888287328873357,
          -0.4521835005534575,
          -6.059141456430638
        ],
        [
          0.03950532581444238,
          0.4504575686910354,
          -0.8919233756558104,
          -1.4700050966039684
        ],
        [
          0.0,
          -0.0,
          -0.0,
          1.0
        ]
      ]
    },
    {
      "file_path": "photos/real/IMG20260614162700.jpg",
      "transform_matrix": [
        [
          0.9957845278218463,
          -0.09028703487157938,
          0.016168657480472342,
          -0.8171595696861311
        ],
        [
          -0.07060872689498907,
          -0.8670665318284192,
          -0.49316329655531516,
          -6.270716500021331
        ],
        [
          0.05854555351938756,
          0.4899427320791024,
          -0.869786489574294,
          -1.5162254432916749
        ],
        [
          0.0,
          -0.0,
          -0.0,
          1.0
        ]
      ]
    },
    {
      "file_path": "photos/real/IMG20260614162705.jpg",
      "transform_matrix": [
        [
          0.9947229160834105,
          -0.10133875748381473,
          0.01602424569684972,
          0.07470989523586093
        ],
        [
          -0.08004265532641648,
          -0.864224823990931,
          -0.4966977218853946,
          -6.950357703809461
        ],
        [
          0.06418328089785463,
          0.4927939831506478,
          -0.8677756603084152,
          -2.222611001570689
        ],
        [
          0.0,
          -0.0,
          -0.0,
          1.0
        ]
      ]
    },
    {
      "file_path": "photos/real/IMG20260614162708.jpg",
      "transform_matrix": [
        [
          0.9944044882934759,
          -0.09842008657110188,
          0.03838229046223186,
          0.46108240281386437
        ],
        [
          -0.06624132784629377,
          -0.863956977436755,
          -0.4991897711527213,
          -7.3714173177557925
        ],
        [
          0.08229094814710879,
          0.49385405505845875,
          -0.8656421732767914,
          -3.086010258658197
        ],
        [
          0.0,
          -0.0,
          -0.0,
          1.0
        ]
      ]
    },
    {
      "file_path": "photos/real/IMG20260614162711.jpg",
      "transform_matrix": [
        [
          0.9908997777467624,
          -0.13205633986788357,
          0.026052899303435753,
          0.1606880007119803
        ],
        [
          -0.10095500663060121,
          -0.8571664586890908,
          -0.5050482637675519,
          -7.108147044196325
        ],
        [
          0.08902649660428182,
          0.4978220416967306,
          -0.8626978020739745,
          -2.6927399562899033
        ],
        [
          0.0,
          -0.0,
          -0.0,
          1.0
        ]
      ]
    },
    {
      "file_path": "photos/real/IMG20260614162716.jpg",
      "transform_matrix": [
        [
          0.9944172005434851,
          -0.0970184035918349,
          0.04149530850288911,
          0.8347753731210572
        ],
        [
          -0.06339427483663333,
          -0.8636606416033363,
          -0.500071456957154,
          -6.8411060960374535
        ],
        [
          0.08435399920095965,
          0.494649093307372,
          -0.8649894087842922,
          -2.89061797045189
        ],
        [
          0.0,
          -0.0,
          -0.0,
          1.0
        ]
      ]
    },
    {
      "file_path": "photos/real/IMG20260614162719.jpg",
      "transform_matrix": [
        [
          0.9936318905049698,
          -0.11207843121295628,
          0.011579785333170292,
          0.7365843932248541
        ],
        [
          -0.089989881242506,
          -0.8512244280112626,
          -0.5170288139270949,
          -6.84055285158081
        ],
        [
          0.06780477450356537,
          0.5126942543209758,
          -0.8558896623635428,
          -2.5932641867341633
        ],
        [
          0.0,
          -0.0,
          -0.0,
          1.0
        ]
      ]
    }
  ]
}